#TYPE=VSDadmin3
#Data requested for: EW Cru RA: 182.64917 DEC: -63.25064 Field size: 30 Limiting mag: 15.0
# db call:, https://www.aavso.org/vsx/index.php?view=api.calib&fromra=181.538274&tora=183.760059&fromdec=-63.750639&todec=-62.750639&tomag=15.0&source=29&limit=5000
# chart:, https://www.aavso.org/apps/vsp/chart/?title=EW+Cru&ra=182.64917&dec=-63.25064&fov=30&maglimit=15.0
# photometry:, https://www.aavso.org/apps/vsp/photometry/?title=EW+Cru&ra=182.64917&dec=-63.25064&fov=30&maglimit=15.0&all=on
#TARGET=EW Cru
#Label,RA h,RA m,RA s,Dec d,Dec m,Dec s,source,B-V,U mag,U err,B mag,B err,V mag,V err,R mag,R err,I mag,I err,SU mag,SU err,SG mag,SG err,SR mag,SR err,SI mag,SI err,SZ mag,SZ err,Y mag,Y err,# Comments
126,12,10,50.36,-63,14,18.9,29,0.399,NA,NA,13.029,0.095,12.630,0.067,12.364,0.125,12.112,0.157,NA,NA,12.751,0.074,12.025,0.125,11.673,0.157,11.663,0.157,NA,NA,# 
129,12,9,54.62,-63,12,16.3,29,0.596,NA,NA,13.471,0.096,12.875,0.063,12.484,0.155,12.117,0.203,NA,NA,13.088,0.071,12.145,0.155,11.678,0.203,11.668,0.203,NA,NA,# 
133,12,10,57.45,-63,18,24.2,29,0.657,NA,NA,13.913,0.092,13.256,0.061,12.755,0.128,12.287,0.164,NA,NA,13.497,0.069,12.416,0.128,11.848,0.164,11.838,0.164,NA,NA,# 
135,12,11,2.32,-63,18,14.3,29,0.832,NA,NA,14.337,0.092,13.505,0.062,13.010,0.128,12.548,0.164,NA,NA,13.827,0.070,12.671,0.128,12.109,0.164,12.099,0.164,NA,NA,# 
138,12,10,47.64,-63,17,26.1,29,0.795,NA,NA,14.606,0.093,13.811,0.065,13.326,0.143,12.873,0.184,NA,NA,14.116,0.072,12.987,0.143,12.434,0.184,12.424,0.184,NA,NA,# 
141,12,10,28.51,-63,14,11.7,29,0.592,NA,NA,14.714,0.113,14.122,0.078,13.759,0.162,13.418,0.208,NA,NA,14.333,0.087,13.420,0.162,12.979,0.208,12.969,0.208,NA,NA,# 
144,12,11,5.48,-63,13,44.0,29,0.556,NA,NA,14.987,0.065,14.431,0.044,13.986,0.089,13.570,0.114,NA,NA,14.625,0.049,13.647,0.089,13.131,0.114,13.121,0.114,NA,NA,# 
